100
593.3035,206.3397 515.8055,211.4447 439.2589,216.4415 364.0214,221.3839 289.6632,226.1644 216.1071,230.888 588.8569,129.8613 510.6695,135.6404 433.9316,141.3257 358.5977,146.5847 284.3224,151.9898 210.3808,157.1745 583.3796,53.16698 505.7386,59.12767 428.7394,65.48401 353.2724,71.21731 278.7017,77.08182 204.5773,82.42081 
597.1578,207.1376 519.4621,212.2456 442.8024,217.2461 367.4787,222.1441 293.0933,226.7893 219.5378,231.6076 592.7418,130.5691 514.4559,136.3547 437.5937,142.0676 362.2674,147.3449 287.8474,152.7064 213.9091,157.716 587.3569,53.72708 509.5129,59.75683 432.514,66.07008 356.9341,71.80562 282.36,77.6864 208.2355,83.07438 
597.1578,207.1376 519.4621,212.2456 442.8024,217.2461 367.4787,222.1441 293.0933,226.7893 219.5378,231.6076 592.7418,130.5691 514.4559,136.3547 437.5937,142.0676 362.2674,147.3449 287.8474,152.7064 213.9091,157.716 587.3569,53.72708 509.5129,59.75683 432.514,66.07008 356.9341,71.80562 282.36,77.6864 208.2355,83.07438 
599.4449,208.3744 521.7606,213.4209 444.9665,218.3103 369.6715,223.2049 295.3296,227.7387 221.6302,232.5322 595.3758,131.718 516.9686,137.446 440.0724,143.066 364.5493,148.3454 290.1859,153.6458 216.24,158.6347 590.0685,54.79813 512.2877,60.80199 435.0838,67.11679 359.5282,72.78573 284.8286,78.59752 210.7099,83.95261 
601.4568,210.0833 523.5862,214.9447 446.7532,219.6521 371.4601,224.433 296.9551,228.8472 223.3929,233.4395 597.3727,133.4145 518.8391,138.9317 441.9005,144.4451 366.477,149.4781 292.0377,154.6766 218.0934,159.5513 592.1947,56.3961 514.3298,62.30394 437.0862,68.44277 361.5336,73.96902 286.8304,79.6691 212.7105,84.83976 
603.3867,212.1392 525.5156,216.7368 448.5335,221.3074 373.1858,225.7165 298.6071,230.0067 224.904,234.3569 599.5533,135.459 521.0121,140.7366 443.9538,145.9967 368.4603,150.8061 293.9539,155.8173 220.0756,160.4711 594.5381,58.56886 516.6102,64.16133 439.4046,70.05668 363.817,75.44113 289.1341,80.84109 215.023,85.8069 
604.7644,213.5502 526.8177,217.9026 449.8377,222.2788 374.3918,226.471 299.8107,230.4976 226.1278,234.6212 601.0974,136.9829 522.465,141.9805 445.4503,146.9964 369.9087,151.6245 295.4645,156.3976 221.4802,160.7613 596.1605,60.22507 518.2959,65.4957 441.0401,71.24776 365.5263,76.37793 290.8297,81.59847 216.7511,86.32449 
606.4466,214.701 528.4824,218.836 451.4117,222.9818 375.7798,227.0231 301.277,230.9131 227.4411,234.816 602.8017,138.0918 524.2508,142.8497 447.1145,147.723 371.5758,152.2398 297.1044,156.7434 223.1752,161.109 597.9613,61.4419 520.1665,66.49345 442.8635,72.07957 367.3861,76.92281 292.7299,82.0442 218.6689,86.5895 
607.7482,215.6085 529.6696,219.6014 452.54,223.5798 376.9929,227.5033 302.3317,231.3283 228.4373,235.174 604.2134,138.9372 525.5303,143.6366 448.4385,148.4161 372.8492,152.7172 298.3926,157.2293 224.4368,161.358 599.3798,62.58127 521.5431,67.47218 444.3046,72.86142 368.8258,77.62568 294.2901,82.56691 220.2724,87.03431 
607.7482,215.6085 529.6696,219.6014 452.54,223.5798 376.9929,227.5033 302.3317,231.3283 228.4373,235.174 604.2134,138.9372 525.5303,143.6366 448.4385,148.4161 372.8492,152.7172 298.3926,157.2293 224.4368,161.358 599.3798,62.58127 521.5431,67.47218 444.3046,72.86142 368.8258,77.62568 294.2901,82.56691 220.2724,87.03431 
608.7404,215.675 530.6357,219.5742 453.4513,223.4367 377.774,227.3232 303.0771,231.0224 229.1729,234.7357 605.0839,139.2423 526.4816,143.7448 449.4208,148.4555 373.9012,152.6199 299.4861,157.0728 225.4585,161.0947 600.2573,63.35798 522.5079,68.00419 445.454,73.32601 370.2243,77.89207 295.6597,82.72334 221.7441,87.09657 
608.7404,215.675 530.6357,219.5742 453.4513,223.4367 377.774,227.3232 303.0771,231.0224 229.1729,234.7357 605.0839,139.2423 526.4816,143.7448 449.4208,148.4555 373.9012,152.6199 299.4861,157.0728 225.4585,161.0947 600.2573,63.35798 522.5079,68.00419 445.454,73.32601 370.2243,77.89207 295.6597,82.72334 221.7441,87.09657 
608.5075,215.1975 530.4174,219.0849 453.2776,222.931 377.5296,226.7641 302.7427,230.5864 228.8409,234.4162 604.8098,138.6986 526.303,143.3533 449.2288,147.999 373.6747,152.242 299.2284,156.5711 225.2592,160.5855 599.9215,62.83452 522.3302,67.54476 445.3221,72.86442 369.9532,77.48092 295.4831,82.32803 221.5866,86.59499 
607.9042,214.7949 529.8319,218.7334 452.6426,222.6405 377.0385,226.5843 302.3138,230.3539 228.3846,234.2091 604.2816,138.4257 525.7,143.0169 448.6317,147.7029 373.2269,151.9057 298.6786,156.3133 224.6467,160.4368 599.4262,62.51225 521.7529,67.25224 444.6861,72.56036 369.4416,77.19273 294.8612,82.00727 221.0817,86.35464 
607.2912,214.5155 529.272,218.4706 452.1227,222.4813 376.45,226.4076 301.6708,230.2279 227.7764,234.107 603.5874,138.1539 525.126,142.6948 448.0498,147.4818 372.4912,151.6903 298.0424,156.2423 224.1015,160.3308 598.6886,62.1173 521.1033,66.90632 444.0738,72.30948 368.6604,76.86784 294.2539,81.82156 220.3277,86.24014 
607.0179,214.4924 528.9509,218.4721 451.8487,222.5084 376.2055,226.5037 301.4685,230.3616 227.5596,234.3049 603.2845,137.9933 524.7568,142.6655 447.6596,147.4734 372.2151,151.7797 297.7186,156.2936 223.722,160.4607 598.2985,61.93938 520.6936,66.7914 443.6651,72.25169 368.346,76.94376 293.7515,81.8624 219.8853,86.36768 
607.0179,214.4924 528.9509,218.4721 451.8487,222.5084 376.2055,226.5037 301.4685,230.3616 227.5596,234.3049 603.2845,137.9933 524.7568,142.6655 447.6596,147.4734 372.2151,151.7797 297.7186,156.2936 223.722,160.4607 598.2985,61.93938 520.6936,66.7914 443.6651,72.25169 368.346,76.94376 293.7515,81.8624 219.8853,86.36768 
606.8867,214.3752 528.8846,218.4543 451.7674,222.4972 376.1123,226.4924 301.4696,230.3621 227.5587,234.3697 603.1973,137.9154 524.6465,142.6443 447.5622,147.4674 372.0872,151.8015 297.6573,156.362 223.6123,160.5147 598.2226,61.93647 520.5378,66.78872 443.5146,72.25436 368.1808,76.92396 293.6479,81.93667 219.739,86.44665 
607.3577,214.367 529.3813,218.427 452.2352,222.4814 376.5435,226.5358 301.7991,230.4449 228.0092,234.4385 603.4721,137.8539 525.0182,142.5951 447.9136,147.4643 372.4364,151.8083 297.876,156.4233 224.0038,160.5923 598.4557,61.78497 520.7694,66.69917 443.7528,72.20359 368.4358,76.94695 293.8619,82.00926 219.9879,86.48538 
607.8567,214.2412 529.837,218.3554 452.6965,222.4915 377.1331,226.5902 302.4107,230.5776 228.5125,234.5721 604.0698,137.7593 525.5147,142.5885 448.421,147.4689 372.9478,151.9079 298.4356,156.5233 224.4674,160.7722 598.9919,61.68822 521.3306,66.67142 444.2497,72.24023 368.8224,77.04926 294.359,82.16295 220.4442,86.62168 
608.2025,213.9586 530.1678,218.2199 453.0129,222.404 377.3726,226.538 302.6352,230.5902 228.7236,234.645 604.2719,137.5748 525.7298,142.4402 448.6268,147.3803 373.1398,151.8692 298.6293,156.5327 224.6343,160.8655 599.1821,61.54507 521.4709,66.56961 444.4185,72.1124 369.0292,77.04073 294.5497,82.24943 220.5977,86.76625 
608.4667,213.3951 530.4537,217.6312 453.3006,221.9387 377.62,226.1588 302.913,230.2884 229.0419,234.3926 604.5115,137.0154 525.98,141.849 448.8502,146.9006 373.3946,151.5147 298.8682,156.2793 224.9147,160.584 599.3943,61.00804 521.6877,66.06551 444.6253,71.69143 369.2585,76.65869 294.6815,81.8418 220.7388,86.53306 
608.075,212.6346 529.9838,217.033 452.8829,221.3909 377.2447,225.5912 302.5326,229.7441 228.6144,233.909 604.1869,136.3445 525.5867,141.3232 448.4778,146.3841 372.9668,150.9603 298.4991,155.8241 224.517,160.2697 599.0883,60.32684 521.3696,65.41922 444.2556,71.15746 368.8333,76.22694 294.3738,81.42839 220.451,86.14876 
607.0815,211.8614 529.1441,216.2762 451.9691,220.5698 376.3432,224.8666 301.6033,229.0425 227.714,233.2792 603.2487,135.5042 524.6891,140.5325 447.6001,145.6527 372.107,150.3149 297.6221,155.1391 223.6214,159.5111 598.11,59.52775 520.4587,64.66086 443.4134,70.43928 367.925,75.49672 293.4918,80.7018 219.5385,85.49482 
605.7708,211.1008 527.7764,215.4807 450.6971,219.737 375.1547,224.1369 300.4537,228.3434 226.5357,232.5335 601.9811,134.6686 523.4482,139.717 446.4215,144.807 370.8538,149.5079 296.4697,154.3857 222.4848,158.7673 596.8911,58.61295 519.2211,63.86219 442.174,69.6037 366.7601,74.63403 292.2934,79.92354 218.3741,84.71019 
605.7708,211.1008 527.7764,215.4807 450.6971,219.737 375.1547,224.1369 300.4537,228.3434 226.5357,232.5335 601.9811,134.6686 523.4482,139.717 446.4215,144.807 370.8538,149.5079 296.4697,154.3857 222.4848,158.7673 596.8911,58.61295 519.2211,63.86219 442.174,69.6037 366.7601,74.63403 292.2934,79.92354 218.3741,84.71019 
604.2794,210.3685 526.3615,214.7634 449.3119,219.1873 373.691,223.4934 299.1154,227.6942 225.2231,231.9127 600.4495,134.0576 521.9871,139.1608 444.981,144.2525 369.5405,148.8395 295.0557,153.7395 221.1182,158.2963 595.4338,58.0131 517.775,63.23438 440.7134,68.91498 365.4102,74.09157 290.8807,79.40273 216.9571,84.18099 
602.9304,209.5587 525.1361,214.0992 448.0494,218.4653 372.515,222.8364 297.8091,227.1061 224.0669,231.4107 599.0668,133.3123 520.6529,138.4257 443.6765,143.5538 368.2299,148.2526 293.7417,153.165 219.826,157.6298 594.0287,57.32306 516.4196,62.48849 439.4481,68.34357 364.0526,73.39653 289.5452,78.72921 215.6458,83.55847 
601.9038,208.9974 524.0726,213.4689 447.0809,217.9134 371.4863,222.3682 296.8817,226.6351 223.0898,230.9645 597.9273,132.6114 519.5394,137.7718 442.6301,143.0394 367.2375,147.6917 292.7283,152.6473 218.7897,157.2273 592.7843,56.64461 515.2692,61.86118 438.2956,67.75068 362.9915,72.87767 288.5151,78.2858 214.5905,83.10297 
601.9038,208.9974 524.0726,213.4689 447.0809,217.9134 371.4863,222.3682 296.8817,226.6351 223.0898,230.9645 597.9273,132.6114 519.5394,137.7718 442.6301,143.0394 367.2375,147.6917 292.7283,152.6473 218.7897,157.2273 592.7843,56.64461 515.2692,61.86118 438.2956,67.75068 362.9915,72.87767 288.5151,78.2858 214.5905,83.10297 
600.9001,208.6055 523.1442,213.1706 446.1616,217.5651 370.6276,222.0793 296.0769,226.4153 222.2399,230.7002 596.9252,132.2272 518.6077,137.4177 441.6702,142.651 366.2818,147.4218 291.8447,152.4078 217.8749,156.945 591.7922,56.27209 514.306,61.55008 437.3255,67.42203 362.0222,72.54216 287.5239,77.91752 213.611,82.79651 
599.8332,208.3382 522.1136,212.803 445.1563,217.3077 369.6398,221.6767 295.0249,225.9613 221.2468,230.3518 595.8322,131.9636 517.6144,137.2371 440.7047,142.411 365.3347,147.1292 290.9097,152.0892 217.0014,156.5457 590.8044,55.97155 513.3098,61.31631 436.3658,67.16414 361.0586,72.34288 286.617,77.61909 212.6817,82.51964 
598.8286,208.044 521.1224,212.4962 444.2002,216.8662 368.6505,221.3434 294.1534,225.5265 220.3077,229.8239 594.8492,131.6908 516.5858,136.8343 439.7265,142.0256 364.4076,146.6617 289.9868,151.6318 216.112,156.1801 589.7776,55.74727 512.3379,61.04343 435.4709,66.76555 360.1584,71.87743 285.7065,77.25752 211.832,82.04128 
597.9983,207.8141 520.2711,212.328 443.3519,216.6644 367.8183,221.0293 293.3455,225.2707 219.5206,229.545 594.0446,131.511 515.7668,136.5832 438.9157,141.7764 363.5882,146.4407 289.2733,151.3349 215.3478,155.7691 588.988,55.55898 511.5,60.74374 434.6117,66.54926 359.3904,71.57645 284.968,76.93784 211.0584,81.64153 
597.3917,207.7414 519.606,212.2482 442.731,216.5706 367.3537,220.9258 292.7167,225.2197 218.9732,229.526 593.3983,131.4617 515.1649,136.5394 438.3879,141.6784 363.0503,146.3732 288.613,151.2837 214.7055,155.6844 588.3203,55.45496 510.8353,60.70494 433.9504,66.41265 358.7335,71.5005 284.3887,76.80765 210.4571,81.55889 
597.3917,207.7414 519.606,212.2482 442.731,216.5706 367.3537,220.9258 292.7167,225.2197 218.9732,229.526 593.3983,131.4617 515.1649,136.5394 438.3879,141.6784 363.0503,146.3732 288.613,151.2837 214.7055,155.6844 588.3203,55.45496 510.8353,60.70494 433.9504,66.41265 358.7335,71.5005 284.3887,76.80765 210.4571,81.55889 
597.1717,207.6255 519.4606,212.1602 442.5988,216.5442 367.2065,220.9701 292.6046,225.3097 218.78,229.5835 593.0814,131.3374 514.8267,136.4771 438.0875,141.6586 362.6816,146.4036 288.4495,151.3226 214.4763,155.8168 587.9261,55.40234 510.4909,60.65216 433.6533,66.42899 358.4554,71.57813 284.0323,76.90829 210.2094,81.69227 
597.4384,207.2597 519.6968,211.8717 442.8691,216.4159 367.4602,220.8895 292.85,225.3099 219.1342,229.7057 593.2366,131.0105 515.0334,136.3326 438.2185,141.5053 362.8008,146.4016 288.5753,151.3706 214.6758,155.9593 587.8398,55.16235 510.4726,60.50008 433.7042,66.37759 358.4977,71.54833 284.1379,77.02351 210.2685,81.86771 
597.6451,206.6972 519.9247,211.4186 443.1502,216.0302 367.6281,220.6131 293.1684,225.1539 219.3325,229.6083 593.3793,130.5042 515.1694,135.7822 438.4141,141.2548 363.0947,146.1696 288.6971,151.2641 214.8069,155.9066 587.8764,54.66682 510.5636,60.13503 433.7376,66.09759 358.6023,71.39988 284.2352,76.97413 210.3744,81.83778 
597.5948,205.9702 519.7919,210.7852 443.0592,215.5473 367.5551,220.2881 293.1021,224.7455 219.2993,229.436 593.1133,129.829 514.9386,135.2838 438.1958,140.6979 362.8226,145.7189 288.5776,150.8972 214.6953,155.6724 587.6011,54.01571 510.3079,59.55042 433.4915,65.62366 358.3587,70.99731 283.933,76.64603 210.1677,81.65563 
597.5948,205.9702 519.7919,210.7852 443.0592,215.5473 367.5551,220.2881 293.1021,224.7455 219.2993,229.436 593.1133,129.829 514.9386,135.2838 438.1958,140.6979 362.8226,145.7189 288.5776,150.8972 214.6953,155.6724 587.6011,54.01571 510.3079,59.55042 433.4915,65.62366 358.3587,70.99731 283.933,76.64603 210.1677,81.65563 
597.5599,205.4045 519.7924,210.2689 442.9955,215.1147 367.5692,219.8406 293.0603,224.4971 219.3136,229.2127 593.09,129.2726 514.8737,134.6868 438.141,140.2239 362.8032,145.3423 288.5486,150.5999 214.6622,155.503 587.5273,53.42003 510.1654,59.02574 433.3719,65.20726 358.232,70.63815 283.8271,76.39641 210.0252,81.48763 
597.2507,204.9295 519.5159,209.8367 442.7061,214.6892 367.2908,219.5303 292.6783,224.2942 218.9756,228.9944 592.7074,128.7362 514.4998,134.3436 437.7519,139.9172 362.536,145.0903 288.2658,150.3877 214.3888,155.3449 587.1822,52.90873 509.7139,58.61299 432.9874,64.85361 357.8297,70.36012 283.5392,76.13515 209.6819,81.36098 
597.0551,204.6615 519.3721,209.6157 442.5408,214.5463 367.1119,219.42 292.5639,224.194 218.7643,228.9271 592.382,128.5125 514.2824,134.1385 437.5436,139.785 362.3185,144.9677 287.9743,150.3699 214.1825,155.3545 586.6323,52.79379 509.355,58.48946 432.6344,64.75972 357.5683,70.31398 283.318,76.12537 209.4709,81.28558 
597.0551,204.6615 519.3721,209.6157 442.5408,214.5463 367.1119,219.42 292.5639,224.194 218.7643,228.9271 592.382,128.5125 514.2824,134.1385 437.5436,139.785 362.3185,144.9677 287.9743,150.3699 214.1825,155.3545 586.6323,52.79379 509.355,58.48946 432.6344,64.75972 357.5683,70.31398 283.318,76.12537 209.4709,81.28558 
597.2557,203.9772 519.5031,209.0663 442.6647,214.0882 367.2917,219.0918 292.6835,223.8695 218.8921,228.6729 592.3348,127.8793 514.2589,133.6083 437.5388,139.3808 362.3742,144.5876 288.1335,150.1192 214.2908,155.1355 586.3879,52.42876 509.2462,58.1815 432.5429,64.52163 357.5153,70.06982 283.3401,76.02326 209.5724,81.27136 
597.5549,203.5069 519.8195,208.5851 442.9373,213.6694 367.5493,218.6106 293.0317,223.5534 219.2684,228.4936 592.5288,127.4536 514.483,133.2667 437.816,138.9971 362.5952,144.3054 288.4263,149.8176 214.582,154.9504 586.5032,52.10994 509.3577,57.83727 432.7507,64.31485 357.7156,69.91564 283.5991,75.87288 209.9276,81.23043 
597.6017,202.8533 519.8222,208.0147 442.9783,213.0641 367.5646,218.1244 293.0772,223.0868 219.282,228.0309 592.4951,126.7883 514.444,132.6033 437.7699,138.4527 362.5871,143.7514 288.3972,149.3486 214.5816,154.4952 586.4038,51.50461 509.2504,57.37042 432.6472,63.77016 357.6427,69.46438 283.5814,75.47096 209.8725,80.78074 
597.8974,202.2008 520.1729,207.3712 443.3039,212.5168 367.7657,217.6199 293.2827,222.7005 219.4486,227.7122 592.6471,126.2056 514.5446,131.9958 437.8856,137.9584 362.6842,143.3184 288.5504,149.0389 214.7372,154.211 586.3824,50.90117 509.2957,56.78377 432.721,63.30356 357.7695,69.06834 283.6732,75.15609 210.1324,80.5405 
597.8974,202.2008 520.1729,207.3712 443.3039,212.5168 367.7657,217.6199 293.2827,222.7005 219.4486,227.7122 592.6471,126.2056 514.5446,131.9958 437.8856,137.9584 362.6842,143.3184 288.5504,149.0389 214.7372,154.211 586.3824,50.90117 509.2957,56.78377 432.721,63.30356 357.7695,69.06834 283.6732,75.15609 210.1324,80.5405 
597.9401,201.3843 520.2556,206.6673 443.3594,211.9213 367.8601,217.1893 293.3373,222.3425 219.4745,227.4533 592.5852,125.4479 514.5179,131.4329 437.856,137.4425 362.7509,142.8771 288.5895,148.6352 214.786,153.9028 586.2427,50.38206 509.1348,56.36205 432.643,62.87871 357.7415,68.74006 283.6806,74.86515 210.2058,80.40467 
598.1794,200.3759 520.3829,205.7602 443.4298,211.2189 367.899,216.5003 293.3734,221.8094 219.4527,227.1048 592.5181,124.4715 514.4321,130.5991 437.8225,136.7216 362.7028,142.3743 288.5599,148.2729 214.756,153.6226 585.7981,49.61479 508.8098,55.66494 432.4521,62.42326 357.5919,68.38593 283.6258,74.5888 210.1004,80.27832 
598.1212,198.9616 520.3172,204.5363 443.3948,210.0455 367.8058,215.5483 293.3044,220.9627 219.4181,226.4013 592.2673,123.2394 514.2562,129.4728 437.6261,135.7007 362.5542,141.4707 288.4461,147.4589 214.6041,153.0526 585.3513,48.50998 508.4377,54.65104 432.1123,61.54981 357.3447,67.57487 283.43,73.96815 209.9312,79.71161 
598.1778,197.5591 520.379,203.2459 443.4695,208.9449 367.9194,214.5551 293.4051,220.1766 219.4881,225.6615 592.1699,121.7633 514.1978,128.1987 437.5762,134.6072 362.466,140.4867 288.3774,146.647 214.5954,152.3477 585.1527,47.05143 508.1911,53.37126 431.88,60.4127 357.1434,66.60656 283.2249,73.19279 209.6849,79.07196 
598.3097,196.343 520.4677,202.2284 443.5811,208.1429 368.0974,213.8329 293.4935,219.5932 219.6281,225.3503 592.0899,120.501 514.1377,127.1101 437.565,133.7292 362.4486,139.6923 288.3581,146.1175 214.5666,151.9378 584.9632,45.78894 508.0091,52.30461 431.66,59.49002 356.8412,65.82195 282.9742,72.55863 209.49,78.56669 
598.4258,195.1466 520.5952,201.2133 443.6951,207.319 368.2519,213.2859 293.6206,219.2707 219.8014,225.1698 592.0568,119.3695 514.095,126.0995 437.4946,132.9292 362.4037,139.1913 288.3015,145.6856 214.5462,151.7309 584.6577,44.60968 507.7367,51.33558 431.4537,58.68623 356.6213,65.31323 282.7349,72.21952 209.3207,78.43724 
598.4017,193.8757 520.5894,200.2732 443.7305,206.5455 368.2514,212.7219 293.6203,218.9646 219.8364,225.1736 591.7653,118.1219 513.8376,125.1313 437.308,132.1848 362.2456,138.6072 288.0882,145.4288 214.4043,151.6795 584.275,43.46027 507.3636,50.35768 431.0345,58.01151 356.3248,64.76686 282.3784,71.87461 208.9038,78.35854 
598.3018,192.7515 520.5342,199.4227 443.6565,206.0773 368.2695,212.577 293.6632,219.1218 219.9176,225.5647 591.5037,116.9218 513.4852,124.2611 437.0367,131.6426 361.8555,138.4173 287.7423,145.4991 214.1126,152.1058 583.628,42.11514 506.715,49.42725 430.4468,57.34665 355.6581,64.4374 281.7029,71.81275 208.3426,78.60807 
598.3018,192.7515 520.5342,199.4227 443.6565,206.0773 368.2695,212.577 293.6632,219.1218 219.9176,225.5647 591.5037,116.9218 513.4852,124.2611 437.0367,131.6426 361.8555,138.4173 287.7423,145.4991 214.1126,152.1058 583.628,42.11514 506.715,49.42725 430.4468,57.34665 355.6581,64.4374 281.7029,71.81275 208.3426,78.60807 
598.3079,192.2169 520.574,199.2168 443.7157,206.2742 368.3836,213.1862 293.7979,220.0497 220.1202,226.8686 591.167,116.3204 513.1655,124.0485 436.6491,131.7353 361.5938,138.9612 287.5128,146.4101 213.8326,153.3449 583.0436,41.4482 506.1342,49.06303 429.735,57.39152 355.0208,64.89262 281.1577,72.65572 207.6698,79.70659 
598.5471,191.6402 520.8406,199.1844 444.063,206.6356 368.6729,214.0219 294.275,221.3318 220.525,228.5885 590.9445,115.726 512.9877,123.933 436.5285,132.1662 361.4762,139.7077 287.4163,147.5847 213.7506,154.9651 582.4427,40.79933 505.5152,48.904 429.2115,57.69435 354.4494,65.59599 280.5679,73.82857 207.1096,81.39209 
599.1808,191.391 521.4556,199.4733 444.726,207.488 369.4214,215.4493 294.9458,223.3119 221.2895,231.1572 591.0187,115.475 513.1422,124.2544 436.6318,132.9454 361.6429,141.1606 287.56,149.5296 214.0738,157.5028 581.9487,40.53105 505.0542,49.21019 428.7133,58.46353 354.0359,66.96151 280.2284,75.71291 206.7151,83.83166 
599.3043,191.4302 521.6012,200.1061 444.8742,208.6859 369.6036,217.2345 295.2561,225.6082 221.5814,234.1106 590.5397,115.5597 512.6374,124.9287 436.2553,134.2951 361.3392,142.9626 287.3387,151.9333 213.7708,160.4507 580.893,40.70823 504.0758,49.96969 427.8039,59.81979 353.1995,68.84097 279.4386,78.17968 206.0425,86.85709 
599.4867,191.3693 521.8436,200.5226 445.2736,209.6636 369.8867,218.6787 295.5366,227.5808 221.941,236.504 590.2104,115.5823 512.3745,125.4499 436.0226,135.3602 361.1154,144.5086 287.1827,154.0127 213.5957,162.9868 579.8935,40.85684 503.2107,50.60024 427.0633,60.96206 352.437,70.53992 278.6904,80.41479 205.4091,89.55172 
599.4506,190.9497 521.8114,200.5135 445.2443,210.0919 369.9037,219.506 295.5654,228.7723 221.9366,238.1273 589.6391,115.3503 511.8983,125.5516 435.6066,135.8141 360.7151,145.4566 286.8332,155.3184 213.3981,164.6906 579.0102,40.69754 502.3198,50.84947 426.2342,61.66374 351.7039,71.58482 278.1252,81.79263 204.8249,91.42395 
598.8034,190.8156 521.3088,200.6818 444.6464,210.6305 369.4586,220.3804 295.1219,230.0647 221.5007,239.6298 588.6697,115.2676 510.9763,125.8099 434.7115,136.4198 359.9143,146.3762 286.107,156.5328 212.6402,166.2986 577.6024,40.69857 501.0801,51.21043 425.0936,62.39027 350.6193,72.55956 277.0796,83.19022 203.8037,93.02026 
598.3519,190.9893 520.7563,201.1983 444.2949,211.4092 368.9832,221.4583 294.6848,231.4739 221.1116,241.3813 587.6769,115.4595 510.1254,126.4142 433.9583,137.3095 359.243,147.5231 285.4131,157.9808 212.0673,168.05 576.1732,41.22257 499.6996,51.93529 423.85,63.40545 349.5781,73.92133 276.095,84.75915 202.9974,94.97262 
597.7548,191.1549 520.2694,201.5485 443.6493,212.1248 368.4756,222.4905 294.1934,232.7882 220.5139,243.022 586.691,115.7252 509.2395,126.9345 433.1558,138.1692 358.4341,148.6227 284.6532,159.4813 211.3873,169.7779 574.7964,41.7112 498.5052,52.72701 422.8159,64.5125 348.5471,75.30493 275.2043,86.42039 202.2342,96.85037 
597.7548,191.1549 520.2694,201.5485 443.6493,212.1248 368.4756,222.4905 294.1934,232.7882 220.5139,243.022 586.691,115.7252 509.2395,126.9345 433.1558,138.1692 358.4341,148.6227 284.6532,159.4813 211.3873,169.7779 574.7964,41.7112 498.5052,52.72701 422.8159,64.5125 348.5471,75.30493 275.2043,86.42039 202.2342,96.85037 
596.6221,191.1414 519.2796,201.9095 442.7072,212.7569 367.5713,223.4583 293.2484,234.0913 219.619,244.5629 585.2663,115.8459 507.7727,127.4211 431.8408,138.8636 357.252,149.6571 283.5143,160.8096 210.2798,171.4701 572.9893,42.19342 496.7254,53.42149 421.2438,65.43457 347.0786,76.50677 273.8037,87.9167 200.8802,98.64456 
596.3561,190.6442 518.9812,201.7911 442.5231,213.1189 367.3997,224.2046 293.163,235.2052 219.5393,246.1837 584.3167,115.6205 506.8848,127.5132 431.0753,139.362 356.541,150.5722 282.9218,162.1348 209.7285,173.1078 571.4344,42.23383 495.3517,53.80661 419.91,66.25344 345.9581,77.60374 272.7911,89.41927 200.0484,100.5063 
596.8933,189.7667 519.5359,201.4392 443.1101,213.2043 367.9461,224.6463 293.6855,236.1958 220.1654,247.56 584.2181,114.9547 506.9493,127.2682 431.174,139.5726 356.665,151.2411 283.2196,163.1968 210.0661,174.5913 570.6729,41.8611 494.7678,53.86007 419.5324,66.66674 345.6626,78.54182 272.6586,90.69691 200.0793,102.2859 
596.8933,189.7667 519.5359,201.4392 443.1101,213.2043 367.9461,224.6463 293.6855,236.1958 220.1654,247.56 584.2181,114.9547 506.9493,127.2682 431.174,139.5726 356.665,151.2411 283.2196,163.1968 210.0661,174.5913 570.6729,41.8611 494.7678,53.86007 419.5324,66.66674 345.6626,78.54182 272.6586,90.69691 200.0793,102.2859 
597.2795,188.893 519.8901,200.9462 443.4858,213.1696 368.3845,225.0565 294.1844,236.9428 220.5625,248.7615 583.9841,114.1827 506.7728,126.8466 431.1004,139.6304 356.6835,151.6724 283.2753,164.1324 210.1933,175.8792 569.9792,41.34752 494.1977,53.73629 419.0782,66.93906 345.3521,79.23455 272.4193,91.76244 199.8116,103.7325 
597.8893,187.9525 520.5447,200.4553 444.1542,213.0574 369.0838,225.455 294.8057,237.7749 221.3293,249.9719 584.1086,113.3328 506.8766,126.4997 431.3048,139.68 356.8721,152.1705 283.5453,164.993 210.5157,177.247 569.5158,40.66969 493.8042,53.47854 418.7282,67.13622 345.1399,79.75729 272.3125,92.8018 199.8287,105.1881 
598.3029,187.2017 520.8898,200.0306 444.5183,213.084 369.4811,225.8454 295.2574,238.5872 221.7121,251.294 584.0371,112.6029 506.9392,126.2284 431.3382,139.7796 357.056,152.653 283.6714,165.83 210.6591,178.5238 569.0508,40.1797 493.4253,53.42149 418.4469,67.4346 344.8586,80.49501 272.1223,93.84992 199.7592,106.5898 
597.7879,186.3167 520.5184,199.5766 444.2077,212.9785 369.1725,226.1651 294.9605,239.3104 221.5204,252.3188 583.2183,111.8538 506.2017,125.8163 430.6228,139.8022 356.3933,153.0251 283.1161,166.5921 210.1907,179.5793 567.8594,39.55169 492.3719,53.17715 417.4535,67.5229 343.8991,80.87225 271.3156,94.67874 198.9351,107.7336 
597.7962,179.9221 520.4704,193.2983 444.1053,206.8388 368.9086,220.0442 294.7406,233.2688 221.298,246.2164 582.4818,105.9802 505.6349,120.266 430.2243,134.5104 356.1726,147.8278 282.9202,161.6834 210.2097,174.6182 566.2449,34.62621 491.0728,48.54212 416.5582,63.28638 343.3396,76.94534 271.042,90.97889 198.9081,104.1934 
597.5694,177.7733 520.0386,190.0825 443.4835,202.4147 368.2849,214.4842 293.9911,226.4518 220.3309,238.2143 583.4606,103.7604 506.4239,116.8774 430.7714,130.0637 356.6196,142.2543 283.2781,154.9553 210.4062,166.7178 568.4041,32.34935 492.9467,45.08749 418.3311,58.73757 344.8548,71.36574 272.4376,84.22544 200.2533,96.31446 
597.3642,175.8854 519.5638,186.9377 442.8755,198.1543 367.4747,209.0121 293.1754,220.0596 219.337,230.6549 584.5283,101.4979 507.2733,113.5007 431.4032,125.5576 357.0396,136.6452 283.536,148.2308 210.4867,158.9058 570.746,29.76253 495.0359,41.41961 420.1243,53.9611 346.5083,65.36581 273.8153,77.24851 201.4565,88.24622 
596.6467,174.1176 518.6826,184.2123 441.7322,194.2948 366.2654,204.184 291.6055,214.094 217.7023,223.8233 585.2398,99.50149 507.6245,110.392 431.5143,121.4754 356.8401,131.562 283.2243,142.0822 209.9231,151.8872 572.6579,27.29552 496.6325,37.92746 421.3428,49.47009 347.4808,59.94638 274.5033,70.78088 201.8339,80.9365 
596.6467,174.1176 518.6826,184.2123 441.7322,194.2948 366.2654,204.184 291.6055,214.094 217.7023,223.8233 585.2398,99.50149 507.6245,110.392 431.5143,121.4754 356.8401,131.562 283.2243,142.0822 209.9231,151.8872 572.6579,27.29552 496.6325,37.92746 421.3428,49.47009 347.4808,59.94638 274.5033,70.78088 201.8339,80.9365 
595.3726,172.2427 517.2014,181.3705 440.1473,190.6295 364.3976,199.5969 289.6662,208.6906 215.6822,217.5932 584.9678,97.34577 507.1223,107.3973 430.7915,117.5446 356.0127,126.7438 282.1476,136.4468 208.69,145.37 573.5275,24.77514 497.2966,34.5786 421.6579,45.24231 347.5329,54.80823 274.3672,64.86836 201.5541,74.03668 
594.4614,170.8384 516.1611,179.3025 438.7632,187.7549 362.9817,196.0937 288.1191,204.4406 213.8632,212.5434 584.8185,95.68437 506.7544,104.9951 430.3318,114.4381 355.3297,122.9276 281.3087,131.893 207.6361,140.1006 574.2048,22.84409 497.6855,31.81893 421.8841,41.8082 347.6022,50.72815 274.2544,60.05114 201.2752,68.43213 
594.0208,169.1987 515.3918,177.107 437.9025,185.1584 361.832,192.8467 286.8072,200.7424 212.5562,208.437 584.8594,93.85905 506.6086,102.6656 429.8856,111.6089 354.6558,119.6041 280.5637,128.0975 206.7812,135.7601 574.8627,20.93763 498.1738,29.41857 422.0681,38.84738 347.5952,47.22131 274.1589,56.08272 200.906,63.99593 
593.0138,167.1042 514.3056,174.6226 436.6836,182.3801 360.5541,189.8213 285.455,197.4764 211.0839,204.8044 584.3483,91.70726 505.9365,100.1487 429.1364,108.7284 353.7119,116.4439 279.499,124.6236 205.6142,132.1215 574.7075,18.58396 497.8888,26.74358 421.6418,35.85802 347.0587,44.00505 273.4344,52.52743 200.1525,60.1553 
593.2374,166.1114 514.2985,173.2554 436.4359,180.6353 360.0529,187.6962 284.7562,195.0438 210.2529,202.0679 584.6715,90.27306 506.0899,98.44704 429.0369,106.6931 353.5129,114.0881 279.1157,121.9209 205.1506,129.0011 575.2219,16.90648 498.1914,24.7093 421.7841,33.63528 347.0632,41.43713 273.2818,49.59895 199.9097,56.88761 
593.2374,166.1114 514.2985,173.2554 436.4359,180.6353 360.0529,187.6962 284.7562,195.0438 210.2529,202.0679 584.6715,90.27306 506.0899,98.44704 429.0369,106.6931 353.5129,114.0881 279.1157,121.9209 205.1506,129.0011 575.2219,16.90648 498.1914,24.7093 421.7841,33.63528 347.0632,41.43713 273.2818,49.59895 199.9097,56.88761 
595.0591,166.4061 515.5746,173.1311 437.3582,180.166 360.6219,186.8088 285.1268,193.7069 210.3398,200.353 586.7897,90.29108 507.7023,98.01383 430.3571,105.8628 354.5496,112.8926 279.8561,120.4122 205.6819,127.1924 577.6175,16.59318 500.2352,24.009 423.5035,32.59563 348.4643,39.99195 274.4917,47.89988 200.9224,54.77161 
596.5234,166.0165 516.7077,172.4651 438.1606,179.1611 361.2371,185.4458 285.465,192.0338 210.4311,198.3178 588.5468,89.66978 509.261,97.18161 431.5748,104.7153 355.5104,111.4326 280.6308,118.6015 206.322,124.9601 579.7766,15.98493 502,23.04237 425.1058,31.39301 349.7899,38.42361 275.6447,46.01458 201.9833,52.60838 
598.5748,167.2167 518.2099,173.0657 439.1448,179.2127 361.7453,185.0084 285.5666,191.0978 210.3925,196.8304 590.9733,90.31445 511.1335,97.2799 433.0626,104.4673 356.6365,110.6663 281.5104,117.38 206.8003,123.329 582.3551,16.22021 504.3188,22.83067 426.9922,30.72556 351.5047,37.42796 277.1263,44.60835 203.2692,50.71878 
600.5096,169.5404 519.47,174.7193 439.9004,180.3253 362.1455,185.5065 285.5365,191.0179 209.9873,196.2399 593.2775,92.27357 512.8655,98.68093 434.4049,105.323 357.6134,110.8879 282.2385,117.1347 207.3615,122.4735 585.142,18.05328 506.6218,24.07206 428.9105,31.41148 353.1439,37.57761 278.5231,44.26765 204.4514,49.81108 
603.1802,171.8528 521.4935,176.368 441.4601,181.2524 363.2733,185.7285 286.3672,190.6236 210.4745,195.1877 596.333,94.28135 515.4417,100.1828 436.5313,106.102 359.3767,111.1414 283.6048,116.6346 208.5244,121.4356 588.5565,20.13466 509.5951,25.4765 431.6045,32.30439 355.5058,37.75072 280.599,43.90637 206.4063,48.82956 
606.3414,173.0172 524.1179,176.8178 443.5332,181.1606 364.8781,185.0852 287.6786,189.3633 211.5553,193.2797 600.0831,95.19977 518.6412,100.3995 439.2664,105.7663 361.7304,110.2415 285.6794,115.214 210.3872,119.4197 592.7769,20.84018 513.4009,25.59991 434.9931,31.84252 358.5252,36.80321 283.4013,42.41617 208.9569,46.78801 
609.185,174.3941 526.3333,177.6737 445.2841,181.4322 366.2763,184.7243 288.6299,188.5819 212.2764,191.9142 603.5319,96.13073 521.4672,100.6863 441.5669,105.6872 363.6382,109.5632 287.3275,114.0678 211.7039,117.6965 596.7047,21.34201 516.8552,25.61684 437.909,31.41037 361.134,35.80511 285.7108,40.88403 210.9777,44.84608 
609.185,174.3941 526.3333,177.6737 445.2841,181.4322 366.2763,184.7243 288.6299,188.5819 212.2764,191.9142 603.5319,96.13073 521.4672,100.6863 441.5669,105.6872 363.6382,109.5632 287.3275,114.0678 211.7039,117.6965 596.7047,21.34201 516.8552,25.61684 437.909,31.41037 361.134,35.80511 285.7108,40.88403 210.9777,44.84608 
611.5825,175.704 528.2931,178.5222 446.7759,181.7636 367.4239,184.7599 289.5617,188.1129 212.8756,191.0872 606.448,97.08531 523.9172,101.3409 443.5916,105.802 365.3932,109.3039 288.7219,113.3721 212.8771,116.5935 600.3041,21.95894 519.8257,25.81763 440.5203,31.22451 363.3696,35.28207 287.5864,39.99395 212.6947,43.57378 
613.1565,176.2232 529.5013,178.6072 447.7679,181.554 368.2037,184.1393 290.1926,187.0398 213.3875,189.5922 608.4045,97.4305 525.5248,101.3419 444.9747,105.4374 366.5347,108.5227 289.6602,112.3186 213.7381,115.2331 602.6585,22.25697 521.8998,25.69919 442.3266,30.69163 364.8992,34.46723 289.0673,38.80317 213.9913,42.11303 
614.3752,176.3248 530.5084,178.4762 448.5039,181.0848 368.6814,183.4282 290.5,186.1996 213.54,188.4716 609.9818,97.33122 526.8312,100.9543 446.1096,104.7843 367.4274,107.652 290.4746,111.2679 214.3919,113.879 604.4669,21.99453 523.5179,25.29416 443.6697,30.05434 366.2517,33.50632 290.1429,37.60913 214.9543,40.62962 
613.8542,175.7231 529.8748,177.7681 447.7998,180.3088 367.8577,182.4524 289.6135,184.9776 212.553,187.2741 609.9013,96.79713 526.6465,100.3062 445.6631,103.9966 366.9675,106.6859 289.8603,110.0938 213.6521,112.4963 604.7736,21.47367 523.708,24.47522 443.7109,29.15525 366.0432,32.43182 289.8641,36.40247 214.6282,39.22097 
100
397.5216,229.1921 320.7921,233.0144 244.3631,236.8352 168.7598,240.7855 94.3885,244.6104 20.08189,248.4726 393.1306,152.6216 316.349,156.6759 240.2309,161.1225 164.7235,165.2207 90.42316,169.5099 16.08017,173.571 388.2648,76.96039 312.0342,80.59547 236.0374,85.22738 160.64,89.56595 86.30725,94.29484 12.10914,98.57065 
397.5216,229.1921 320.7921,233.0144 244.3631,236.8352 168.7598,240.7855 94.3885,244.6104 20.08189,248.4726 393.1306,152.6216 316.349,156.6759 240.2309,161.1225 164.7235,165.2207 90.42316,169.5099 16.08017,173.571 388.2648,76.96039 312.0342,80.59547 236.0374,85.22738 160.64,89.56595 86.30725,94.29484 12.10914,98.57065 
401.2181,229.96 324.3891,233.8809 247.8676,237.7406 172.244,241.6169 97.88676,245.4086 23.67818,249.2836 396.8097,153.4421 320.0145,157.5397 243.8285,161.7384 168.3385,165.9028 93.97396,170.2697 19.59147,174.3491 391.9997,77.59549 315.7199,81.32854 239.682,85.90566 164.3342,90.31508 90.03333,94.93852 15.68164,99.28171 
403.5076,231.2792 326.5812,235.0454 250.1292,238.8453 174.4166,242.6703 100.0453,246.3825 25.82495,250.1906 399.3321,154.623 322.4804,158.6208 246.2643,162.8591 170.6046,166.927 96.39195,171.2462 22.04206,175.2809 394.6656,78.71517 318.321,82.3856 242.3273,86.98072 166.7882,91.30653 92.51642,95.90745 18.24474,100.1342 
403.5076,231.2792 326.5812,235.0454 250.1292,238.8453 174.4166,242.6703 100.0453,246.3825 25.82495,250.1906 399.3321,154.623 322.4804,158.6208 246.2643,162.8591 170.6046,166.927 96.39195,171.2462 22.04206,175.2809 394.6656,78.71517 318.321,82.3856 242.3273,86.98072 166.7882,91.30653 92.51642,95.90745 18.24474,100.1342 
405.3317,232.9219 328.4232,236.6781 251.8285,240.3382 176.171,243.9954 101.6354,247.5074 27.49378,251.1861 401.2556,156.3943 324.384,160.213 248.1589,164.3164 172.5148,168.2416 98.26701,172.3236 23.81376,176.224 396.7157,80.33486 320.4068,83.88581 244.3114,88.31851 168.8096,92.46474 94.49294,96.96077 20.2645,101.1409 
405.3317,232.9219 328.4232,236.6781 251.8285,240.3382 176.171,243.9954 101.6354,247.5074 27.49378,251.1861 401.2556,156.3943 324.384,160.213 248.1589,164.3164 172.5148,168.2416 98.26701,172.3236 23.81376,176.224 396.7157,80.33486 320.4068,83.88581 244.3114,88.31851 168.8096,92.46474 94.49294,96.96077 20.2645,101.1409 
408.4454,236.4991 331.4444,239.6578 254.7295,242.9706 178.8947,246.2356 104.475,249.2962 30.19317,252.4653 404.8046,159.9597 327.9124,163.3062 251.6166,166.9237 175.9976,170.4141 101.6933,174.1581 27.28965,177.5572 400.7155,84.18158 324.4276,87.26386 248.4392,91.26614 173.0802,94.91355 98.64202,98.92723 24.48734,102.5949 
411.208,238.6092 334.1114,241.5 257.3785,244.3635 181.4329,247.3144 106.7569,250.0778 32.41635,252.9833 407.954,162.0352 330.9833,165.1207 254.6544,168.4997 179.0416,171.5201 104.6792,174.8944 30.27992,178.0748 404.2669,86.56808 327.9156,89.2655 251.9019,92.91328 176.5794,96.28881 102.3276,100.0072 28.24867,103.3993 
411.208,238.6092 334.1114,241.5 257.3785,244.3635 181.4329,247.3144 106.7569,250.0778 32.41635,252.9833 407.954,162.0352 330.9833,165.1207 254.6544,168.4997 179.0416,171.5201 104.6792,174.8944 30.27992,178.0748 404.2669,86.56808 327.9156,89.2655 251.9019,92.91328 176.5794,96.28881 102.3276,100.0072 28.24867,103.3993 
412.1618,238.7129 334.9911,241.4654 258.1489,244.3408 182.2515,246.9783 107.4809,249.798 32.94355,252.556 409.0342,162.4456 332.119,165.2454 255.7897,168.539 180.2531,171.4932 105.9091,174.7422 31.4243,177.8066 405.4027,87.36047 329.3354,89.78271 253.4417,93.40477 178.2921,96.56532 104.2055,100.1989 30.11287,103.4366 
412.1618,238.7129 334.9911,241.4654 258.1489,244.3408 182.2515,246.9783 107.4809,249.798 32.94355,252.556 409.0342,162.4456 332.119,165.2454 255.7897,168.539 180.2531,171.4932 105.9091,174.7422 31.4243,177.8066 405.4027,87.36047 329.3354,89.78271 253.4417,93.40477 178.2921,96.56532 104.2055,100.1989 30.11287,103.4366 
412.1618,238.7129 334.9911,241.4654 258.1489,244.3408 182.2515,246.9783 107.4809,249.798 32.94355,252.556 409.0342,162.4456 332.119,165.2454 255.7897,168.539 180.2531,171.4932 105.9091,174.7422 31.4243,177.8066 405.4027,87.36047 329.3354,89.78271 253.4417,93.40477 178.2921,96.56532 104.2055,100.1989 30.11287,103.4366 
411.8137,238.1846 334.7206,240.9884 257.8415,243.7345 181.8862,246.5875 107.3016,249.3732 32.69557,252.1932 408.7597,161.8791 331.8618,164.7005 255.6597,168.1049 180.0209,171.0679 105.6898,174.4157 31.31239,177.4169 405.2184,86.87703 329.114,89.4201 253.3063,92.92568 178.1641,96.21041 104.0804,99.80148 29.92915,103.057 
411.3203,237.8629 334.2662,240.6113 257.3787,243.4504 181.4075,246.3883 106.7217,249.1094 32.3551,251.9151 408.2579,161.4594 331.383,164.4992 255.1719,167.735 179.4625,170.8015 105.2377,174.1476 30.69122,177.0975 404.5987,86.56155 328.5848,89.09754 252.688,92.6054 177.5646,95.89835 103.4521,99.50671 29.4227,102.7209 
410.6042,237.5028 333.5725,240.415 256.6967,243.3059 180.7902,246.1747 106.162,248.9271 31.63721,251.8011 407.5663,161.2151 330.6631,164.0731 254.458,167.5062 178.6924,170.5453 104.5282,174.0291 30.0973,176.9835 403.8561,86.13132 327.7834,88.6656 252.0564,92.35135 176.7867,95.58015 102.6504,99.40958 28.58331,102.5966 
410.4431,237.4787 333.3813,240.3722 256.5274,243.2614 180.5887,246.3306 105.8819,249.1187 31.41363,251.884 407.2594,161.1154 330.3244,164.0636 254.1484,167.5284 178.4841,170.6198 104.2556,174.1345 29.66261,177.1439 403.5066,85.99038 327.4752,88.58938 251.5572,92.30664 176.4312,95.57903 102.3124,99.40512 28.13594,102.6586 
410.367,237.4381 333.3555,240.3205 256.4873,243.2535 180.5801,246.2583 105.8005,249.1595 31.45255,251.9899 407.1416,161.0276 330.2285,164.0037 254.0656,167.5022 178.4053,170.6467 104.1707,174.1396 29.59157,177.2414 403.3598,85.96749 327.2913,88.56113 251.4587,92.28999 176.2609,95.60645 102.1878,99.46535 27.99633,102.7348 
410.367,237.4381 333.3555,240.3205 256.4873,243.2535 180.5801,246.2583 105.8005,249.1595 31.45255,251.9899 407.1416,161.0276 330.2285,164.0037 254.0656,167.5022 178.4053,170.6467 104.1707,174.1396 29.59157,177.2414 403.3598,85.96749 327.2913,88.56113 251.4587,92.28999 176.2609,95.60645 102.1878,99.46535 27.99633,102.7348 
410.7078,237.4073 333.6615,240.295 256.8142,243.2785 180.9628,246.3468 106.3786,249.2496 31.86911,252.2402 407.456,160.9312 330.5335,164.0096 254.3077,167.5168 178.6331,170.6903 104.4259,174.2118 29.95615,177.4146 403.6109,85.81281 327.5426,88.51846 251.5858,92.23877 176.4591,95.57133 102.3296,99.4859 28.21948,102.8307 
411.3607,237.2888 334.2601,240.3365 257.4294,243.298 181.4861,246.4042 106.8292,249.3724 32.47979,252.4894 407.8962,160.8789 331.0421,163.9367 254.755,167.5218 179.2255,170.7531 104.8098,174.3209 30.48137,177.5724 404.1163,85.69392 327.9453,88.51334 252.1314,92.25371 176.8493,95.67347 102.7316,99.55853 28.61556,103.0531 
411.575,236.9948 334.4958,240.0891 257.6823,243.2428 181.7406,246.3725 107.1271,249.3815 32.65556,252.5322 408.2143,160.6159 331.3563,163.8314 255.0172,167.4678 179.3983,170.7542 105.1264,174.3666 30.60926,177.6799 404.3048,85.54885 328.144,88.38391 252.2413,92.16232 177.1295,95.70983 102.858,99.62946 28.78744,103.1856 
411.5017,235.6862 334.4229,238.8598 257.5989,242.1395 181.649,245.3852 107.0244,248.5418 32.55772,251.7638 408.0021,159.4049 331.1788,162.7206 254.8321,166.4411 179.3017,169.8037 104.9296,173.6082 30.52529,176.9628 404.1759,84.3792 327.9963,87.31799 252.1463,91.26209 176.8829,94.78953 102.7314,98.79797 28.58505,102.5033 
411.5017,235.6862 334.4229,238.8598 257.5989,242.1395 181.649,245.3852 107.0244,248.5418 32.55772,251.7638 408.0021,159.4049 331.1788,162.7206 254.8321,166.4411 179.3017,169.8037 104.9296,173.6082 30.52529,176.9628 404.1759,84.3792 327.9963,87.31799 252.1463,91.26209 176.8829,94.78953 102.7314,98.79797 28.58505,102.5033 
410.5584,234.9067 333.4731,238.1354 256.6739,241.3646 180.756,244.6155 106.1696,247.7386 31.7105,251.0797 407.1713,158.5699 330.2887,161.8964 254.0541,165.6529 178.4017,169.1601 104.079,172.8301 29.62817,176.3765 403.2932,83.56985 327.1029,86.4932 251.3129,90.47189 176.0041,94.17163 101.812,98.29335 27.71741,101.8006 
410.5584,234.9067 333.4731,238.1354 256.6739,241.3646 180.756,244.6155 106.1696,247.7386 31.7105,251.0797 407.1713,158.5699 330.2887,161.8964 254.0541,165.6529 178.4017,169.1601 104.079,172.8301 29.62817,176.3765 403.2932,83.56985 327.1029,86.4932 251.3129,90.47189 176.0041,94.17163 101.812,98.29335 27.71741,101.8006 
409.3654,234.0607 332.2816,237.3097 255.4867,240.5003 179.5635,243.7454 104.9502,247.0771 30.49369,250.3502 405.915,157.6884 329.0772,161.1591 252.7695,164.813 177.2463,168.386 102.8138,172.099 28.43951,175.5236 402.0757,82.64959 325.949,85.62827 250.1045,89.59093 174.7549,93.34566 100.59,97.42944 26.5851,101.0858 
407.9092,233.3713 330.8826,236.5602 254.1806,239.8321 178.2766,243.1711 103.6067,246.4069 29.1774,249.6537 404.5157,157.0977 327.6573,160.4912 251.4613,164.2033 175.7984,167.6359 101.5295,171.4931 27.14372,174.8835 400.6454,82.08331 324.552,84.94248 248.6558,89.06415 173.5137,92.60567 99.36648,96.7326 25.25062,100.5136 
405.5999,231.9282 328.6577,235.2982 251.8504,238.5515 176.0694,241.8792 101.4782,245.3012 27.05585,248.5205 402.1481,155.662 325.315,159.0609 249.1705,162.8414 173.501,166.4189 99.32184,170.3278 24.78137,173.8817 398.1385,80.63085 321.9984,83.59297 246.283,87.73659 171.049,91.47479 96.96686,95.62312 22.72018,99.47669 
405.5999,231.9282 328.6577,235.2982 251.8504,238.5515 176.0694,241.8792 101.4782,245.3012 27.05585,248.5205 402.1481,155.662 325.315,159.0609 249.1705,162.8414 173.501,166.4189 99.32184,170.3278 24.78137,173.8817 398.1385,80.63085 321.9984,83.59297 246.283,87.73659 171.049,91.47479 96.96686,95.62312 22.72018,99.47669 
404.7022,231.5467 327.6985,234.8837 250.9683,238.2578 175.1658,241.647 100.5274,244.9146 26.1898,248.425 401.2113,155.2953 324.4032,158.731 248.2616,162.5688 172.5819,166.2218 98.3576,170.0534 23.906,173.5505 397.2267,80.24977 321.0843,83.35544 245.2742,87.3686 170.1278,91.23882 95.95512,95.39067 21.78128,99.1324 
404.7022,231.5467 327.6985,234.8837 250.9683,238.2578 175.1658,241.647 100.5274,244.9146 26.1898,248.425 401.2113,155.2953 324.4032,158.731 248.2616,162.5688 172.5819,166.2218 98.3576,170.0534 23.906,173.5505 397.2267,80.24977 321.0843,83.35544 245.2742,87.3686 170.1278,91.23882 95.95512,95.39067 21.78128,99.1324 
403.6842,231.2295 326.669,234.5459 250.0433,237.9399 174.1575,241.3318 99.56445,244.6012 25.25103,247.9422 400.2344,154.9123 323.4125,158.3996 247.3041,162.3347 171.6185,165.7403 97.42429,169.6259 23.01517,173.2532 396.2592,80.01356 320.2282,82.97408 244.4032,87.11423 169.2354,90.74895 95.10758,95.0446 20.98605,98.74378 
402.6365,230.9803 325.7625,234.3118 249.14,237.5187 173.2706,240.8313 98.62193,244.1925 24.3492,247.4597 399.2409,154.5954 322.4781,158.1684 246.3255,161.8649 170.6833,165.4327 96.52324,169.3099 22.18904,172.7941 395.2624,79.69192 319.2556,82.69278 243.4987,86.72708 168.3499,90.44587 94.23428,94.56496 20.03907,98.36423 
401.3418,230.5468 324.3705,233.8183 247.651,237.204 171.8287,240.4878 97.317,243.7234 22.79129,246.9268 397.7799,154.4028 321.0466,157.6854 244.9331,161.503 169.4352,165.0661 95.18032,168.8361 20.75401,172.3484 393.8022,79.36948 317.8151,82.34697 242.159,86.34119 166.854,90.08595 92.82811,94.17056 18.77288,97.7485 
401.3418,230.5468 324.3705,233.8183 247.651,237.204 171.8287,240.4878 97.317,243.7234 22.79129,246.9268 397.7799,154.4028 321.0466,157.6854 244.9331,161.503 169.4352,165.0661 95.18032,168.8361 20.75401,172.3484 393.8022,79.36948 317.8151,82.34697 242.159,86.34119 166.854,90.08595 92.82811,94.17056 18.77288,97.7485 
401.3418,230.5468 324.3705,233.8183 247.651,237.204 171.8287,240.4878 97.317,243.7234 22.79129,246.9268 397.7799,154.4028 321.0466,157.6854 244.9331,161.503 169.4352,165.0661 95.18032,168.8361 20.75401,172.3484 393.8022,79.36948 317.8151,82.34697 242.159,86.34119 166.854,90.08595 92.82811,94.17056 18.77288,97.7485 
401.1865,230.4986 324.2038,233.75 247.4957,237.1712 171.6696,240.5251 97.17425,243.7513 22.73807,247.1967 397.4961,154.2976 320.7333,157.6367 244.6516,161.5224 169.2029,165.0816 94.88774,168.8923 20.55191,172.4007 393.4958,79.29157 317.4493,82.33106 241.7481,86.34865 166.6157,90.18237 92.50175,94.26991 18.5142,97.89858 
401.4022,230.1402 324.4437,233.5588 247.7437,236.9189 171.9989,240.4728 97.42591,243.8136 23.01413,247.327 397.6421,153.9208 320.8569,157.5481 244.8049,161.4232 169.3732,165.0096 95.07999,169.0306 20.67334,172.5419 393.4469,79.0342 317.4559,82.23293 241.7478,86.20847 166.6815,90.16565 92.55386,94.33275 18.56779,98.15708 
401.5628,229.5793 324.6611,233.1506 248.009,236.6228 172.2337,240.2616 97.66222,243.6273 23.34392,247.2949 397.7518,153.4452 321.1085,157.0179 244.991,161.1376 169.4547,164.7298 95.34707,168.8154 20.89651,172.4864 393.5615,78.58812 317.5785,81.66913 241.8366,86.04475 166.747,89.84109 92.78033,94.24857 18.747,98.19962 
401.4701,228.8182 324.5466,232.4817 247.9747,236.157 172.1634,239.7312 97.57407,243.3941 23.24301,246.9193 397.5724,152.6921 320.8745,156.4673 244.8253,160.5732 169.399,164.3842 95.18325,168.528 20.75472,172.3627 393.3499,77.92542 317.3785,81.22872 241.6701,85.567 166.5772,89.54536 92.56929,93.94757 18.58423,97.93459 
401.5017,228.268 324.5868,231.8888 248.0193,235.575 172.1899,239.4178 97.60961,243.0319 23.3098,246.7051 397.5277,152.1418 320.8004,155.8717 244.7889,160.1737 169.3758,164.0138 95.1366,168.2933 20.7524,172.109 393.208,77.34131 317.2677,80.63976 241.545,85.107 166.4553,89.22023 92.44433,93.63261 18.50836,97.70524 
401.5017,228.268 324.5868,231.8888 248.0193,235.575 172.1899,239.4178 97.60961,243.0319 23.3098,246.7051 397.5277,152.1418 320.8004,155.8717 244.7889,160.1737 169.3758,164.0138 95.1366,168.2933 20.7524,172.109 393.208,77.34131 317.2677,80.63976 241.545,85.107 166.4553,89.22023 92.44433,93.63261 18.50836,97.70524 
401.2586,227.7463 324.2849,231.5417 247.5993,235.2792 171.8357,239.0101 97.31273,242.8125 22.80774,246.5856 397.2287,151.586 320.5067,155.4929 244.4302,159.7547 169.0075,163.6614 94.79695,167.9396 20.46264,171.7985 392.8063,76.89468 316.7849,80.3287 241.3043,84.7668 166.2344,88.82846 92.20341,93.4006 18.21747,97.56393 
401.0067,227.5738 324.1574,231.3707 247.4951,235.1239 171.6363,238.9132 97.16219,242.632 22.69967,246.5295 396.8955,151.4271 320.3915,155.3581 244.3042,159.5779 168.7689,163.5121 94.56587,167.8478 20.33694,171.8165 392.4657,76.69231 316.569,80.19135 240.9759,84.65043 165.8642,88.72575 92.00242,93.41022 18.03746,97.56489 
400.9799,227.3306 324.1816,231.1055 247.4883,234.9446 171.6172,238.7453 97.13452,242.547 22.70068,246.4733 396.8638,151.1614 320.2953,155.1976 244.3035,159.4461 168.8226,163.4251 94.60925,167.7776 20.34613,171.785 392.3896,76.56937 316.5307,80.04314 240.9209,84.59718 165.8933,88.71496 92.02702,93.32562 18.12612,97.54575 
401.4871,226.4292 324.5525,230.3093 247.9759,234.2474 172.1338,238.2132 97.56176,242.1065 23.13558,246.1091 397.287,150.4024 320.5623,154.3945 244.6633,158.836 169.3661,162.9804 95.16277,167.4317 20.79207,171.4783 392.5052,76.01429 316.7846,79.56004 241.3376,84.21803 166.3856,88.49005 92.51585,93.18593 18.64262,97.46009 
401.4871,226.4292 324.5525,230.3093 247.9759,234.2474 172.1338,238.2132 97.56176,242.1065 23.13558,246.1091 397.287,150.4024 320.5623,154.3945 244.6633,158.836 169.3661,162.9804 95.16277,167.4317 20.79207,171.4783 392.5052,76.01429 316.7846,79.56004 241.3376,84.21803 166.3856,88.49005 92.51585,93.18593 18.64262,97.46009 
401.5023,225.7084 324.5641,229.6237 247.9462,233.6011 172.0882,237.5974 97.55091,241.5934 23.15511,245.6021 397.2488,149.6907 320.5385,153.8164 244.6264,158.3275 169.3033,162.4518 95.13031,166.8411 20.78231,171.1101 392.4487,75.49435 316.7283,78.94289 241.3389,83.71979 166.362,88.04984 92.52638,92.73558 18.72817,97.13304 
401.7429,225.0661 324.7857,228.9434 248.196,233.0893 172.3544,237.1251 97.66257,241.2562 23.32674,245.3037 397.3472,149.1263 320.6862,153.239 244.8222,157.7446 169.4317,161.9739 95.32901,166.5627 21.05887,170.7292 392.5196,74.82088 316.8133,78.50461 241.4483,83.33978 166.5467,87.57679 92.75191,92.47229 18.89624,96.75821 
401.7429,225.0661 324.7857,228.9434 248.196,233.0893 172.3544,237.1251 97.66257,241.2562 23.32674,245.3037 397.3472,149.1263 320.6862,153.239 244.8222,157.7446 169.4317,161.9739 95.32901,166.5627 21.05887,170.7292 392.5196,74.82088 316.8133,78.50461 241.4483,83.33978 166.5467,87.57679 92.75191,92.47229 18.89624,96.75821 
401.77,224.2657 324.9275,228.3526 248.2209,232.4636 172.3729,236.6402 97.68282,240.7666 23.3592,244.9959 397.3358,148.4467 320.7296,152.5718 244.8841,157.2793 169.4974,161.581 95.47794,166.2462 21.19262,170.5605 392.4724,74.35722 316.8057,78.05016 241.48,82.8282 166.657,87.28082 92.87748,92.23309 19.16821,96.63655 
401.8598,223.3014 324.8778,227.4778 248.2892,231.7103 172.4369,235.9359 97.69758,240.2597 23.31707,244.5872 397.2898,147.4559 320.7062,151.7525 244.8559,156.5872 169.4874,160.9909 95.48805,165.7683 21.19913,170.1587 392.3111,73.63531 316.6608,77.43777 241.4144,82.39098 166.6394,86.84729 92.96558,91.92416 19.25882,96.56052 
401.8598,223.3014 324.8778,227.4778 248.2892,231.7103 172.4369,235.9359 97.69758,240.2597 23.31707,244.5872 397.2898,147.4559 320.7062,151.7525 244.8559,156.5872 169.4874,160.9909 95.48805,165.7683 21.19913,170.1587 392.3111,73.63531 316.6608,77.43777 241.4144,82.39098 166.6394,86.84729 92.96558,91.92416 19.25882,96.56052 
402.0636,219.2371 325.0799,223.7932 248.4233,228.5786 172.5597,233.3324 97.88168,238.1149 23.41329,242.7917 396.8875,143.5298 320.4616,148.3167 244.5381,153.5475 169.3525,158.3553 95.23955,163.6099 20.92404,168.5023 391.4663,69.8227 316,74.10007 240.7328,79.45296 166.0572,84.43147 92.44842,89.91286 18.74898,94.8869 
402.0636,219.2371 325.0799,223.7932 248.4233,228.5786 172.5597,233.3324 97.88168,238.1149 23.41329,242.7917 396.8875,143.5298 320.4616,148.3167 244.5381,153.5475 169.3525,158.3553 95.23955,163.6099 20.92404,168.5023 391.4663,69.8227 316,74.10007 240.7328,79.45296 166.0572,84.43147 92.44842,89.91286 18.74898,94.8869 
402.1774,217.9704 325.2519,222.7383 248.5429,227.7324 172.6487,232.6945 98.12013,237.7079 23.46201,242.6175 396.7974,142.3275 320.3608,147.3819 244.5102,152.7587 169.2944,157.7325 95.20432,163.3204 20.9211,168.3446 391.2171,68.70122 315.6447,73.16392 240.5072,78.65952 165.7614,83.78484 92.24804,89.48156 18.56963,94.68158 
402.0633,215.5999 325.2342,220.9764 248.5367,226.5526 172.7157,231.9716 98.23778,237.5287 23.65756,243.1427 396.2904,139.8732 319.7704,145.4993 243.9717,151.4618 168.6978,157.0203 94.6111,162.9859 20.45186,168.6031 390.0696,66.26366 314.622,71.18454 239.4286,77.31438 164.7078,82.96062 91.13685,89.18151 17.49391,94.8224 
402.0633,215.5999 325.2342,220.9764 248.5367,226.5526 172.7157,231.9716 98.23778,237.5287 23.65756,243.1427 396.2904,139.8732 319.7704,145.4993 243.9717,151.4618 168.6978,157.0203 94.6111,162.9859 20.45186,168.6031 390.0696,66.26366 314.622,71.18454 239.4286,77.31438 164.7078,82.96062 91.13685,89.18151 17.49391,94.8224 
402.0633,215.5999 325.2342,220.9764 248.5367,226.5526 172.7157,231.9716 98.23778,237.5287 23.65756,243.1427 396.2904,139.8732 319.7704,145.4993 243.9717,151.4618 168.6978,157.0203 94.6111,162.9859 20.45186,168.6031 390.0696,66.26366 314.622,71.18454 239.4286,77.31438 164.7078,82.96062 91.13685,89.18151 17.49391,94.8224 
402.3579,214.479 325.4721,220.6535 248.923,227.1609 173.107,233.4708 98.60315,239.7837 24.24233,246.1651 395.6572,138.743 319.252,145.1453 243.4237,151.9288 168.187,158.3029 94.17123,165.1436 19.99524,171.4954 388.6868,64.96041 313.2422,70.64832 237.9683,77.60114 163.3111,84.07717 89.60802,91.1342 15.95581,97.63757 
402.3579,214.479 325.4721,220.6535 248.923,227.1609 173.107,233.4708 98.60315,239.7837 24.24233,246.1651 395.6572,138.743 319.252,145.1453 243.4237,151.9288 168.187,158.3029 94.17123,165.1436 19.99524,171.4954 388.6868,64.96041 313.2422,70.64832 237.9683,77.60114 163.3111,84.07717 89.60802,91.1342 15.95581,97.63757 
402.8492,214.2246 326.0766,221.01 249.4628,227.9295 173.7672,234.8865 99.3326,241.7197 24.83105,248.7428 395.6029,138.4523 319.2409,145.4433 243.474,152.7461 168.2177,159.6249 94.28492,167.085 20.16739,173.9666 388.1963,64.6048 312.7197,70.81004 237.5505,78.35371 162.8291,85.38556 89.24754,92.94413 15.56837,99.99321 
403.1274,214.201 326.3582,222.1361 249.84,230.1952 174.1476,238.1674 99.61597,246.1966 25.32637,254.1631 394.74,138.573 318.4217,146.6109 242.7405,155.0582 167.5585,163.1111 93.61314,171.5541 19.47739,179.5214 386.2945,64.90041 310.824,72.35066 235.6796,80.85888 161.1797,88.94096 87.53522,97.56084 13.92541,105.67 
403.1274,214.201 326.3582,222.1361 249.84,230.1952 174.1476,238.1674 99.61597,246.1966 25.32637,254.1631 394.74,138.573 318.4217,146.6109 242.7405,155.0582 167.5585,163.1111 93.61314,171.5541 19.47739,179.5214 386.2945,64.90041 310.824,72.35066 235.6796,80.85888 161.1797,88.94096 87.53522,97.56084 13.92541,105.67 
402.4145,213.6471 325.6238,222.3423 249.249,231.1675 173.5226,239.8047 99.10007,248.6445 24.61254,257.3715 393.4361,138.2397 317.2028,146.8956 241.5193,156.213 166.347,164.905 92.51773,174.0582 18.41925,182.8116 384.1657,64.68168 308.8516,72.71001 233.9049,82.14809 159.3466,90.96484 85.89459,100.3138 12.36473,109.168 
402.4145,213.6471 325.6238,222.3423 249.249,231.1675 173.5226,239.8047 99.10007,248.6445 24.61254,257.3715 393.4361,138.2397 317.2028,146.8956 241.5193,156.213 166.347,164.905 92.51773,174.0582 18.41925,182.8116 384.1657,64.68168 308.8516,72.71001 233.9049,82.14809 159.3466,90.96484 85.89459,100.3138 12.36473,109.168 
401.7837,213.7652 325.1349,222.6945 248.7032,231.9076 172.934,240.9545 98.45634,250.1358 24.07468,259.1165 392.4682,138.3998 316.3343,147.4863 240.7008,157.0549 165.5955,166.0676 91.76101,175.5966 17.67457,184.6909 382.7999,65.16042 307.6842,73.50594 232.796,83.20126 158.4091,92.29227 84.99342,101.9058 11.51517,111.1201 
401.7837,213.7652 325.1349,222.6945 248.7032,231.9076 172.934,240.9545 98.45634,250.1358 24.07468,259.1165 392.4682,138.3998 316.3343,147.4863 240.7008,157.0549 165.5955,166.0676 91.76101,175.5966 17.67457,184.6909 382.7999,65.16042 307.6842,73.50594 232.796,83.20126 158.4091,92.29227 84.99342,101.9058 11.51517,111.1201 
401.2865,213.9142 324.5192,223.1909 248.0397,232.6221 172.3909,242.0589 97.79144,251.4481 23.36277,260.7657 391.5558,138.6056 315.4529,148.0314 239.866,157.7973 164.8262,167.2698 91.06918,177.0598 17.01216,186.4106 381.6695,65.57638 306.6136,74.26652 231.7764,84.20964 157.4838,93.54759 84.19659,103.524 10.77832,113.0174 
400.2036,213.8351 323.4933,223.4889 247.0249,233.3119 171.3844,242.9397 96.79572,252.658 22.35059,262.38 390.153,138.6903 314.1073,148.4866 238.6233,158.5319 163.5934,168.3021 89.84598,178.3776 15.78415,188.0451 380.04,65.9542 305.0549,74.8148 230.3829,85.13144 156.1512,94.76074 82.85309,105.1423 9.54393,114.8056 
400.2778,212.5999 323.5727,222.9706 247.1653,233.6606 171.5,244.2677 97.00022,254.8928 22.52147,265.4668 389.2022,137.7122 313.3358,148.3289 238.0019,159.3564 163.0936,169.7845 89.46865,180.7687 15.54373,191.3047 378.1864,65.5977 303.3835,75.35592 228.908,86.35271 154.9184,96.72623 81.87539,107.8471 8.789001,118.5197 
400.2778,212.5999 323.5727,222.9706 247.1653,233.6606 171.5,244.2677 97.00022,254.8928 22.52147,265.4668 389.2022,137.7122 313.3358,148.3289 238.0019,159.3564 163.0936,169.7845 89.46865,180.7687 15.54373,191.3047 378.1864,65.5977 303.3835,75.35592 228.908,86.35271 154.9184,96.72623 81.87539,107.8471 8.789001,118.5197 
400.2778,212.5999 323.5727,222.9706 247.1653,233.6606 171.5,244.2677 97.00022,254.8928 22.52147,265.4668 389.2022,137.7122 313.3358,148.3289 238.0019,159.3564 163.0936,169.7845 89.46865,180.7687 15.54373,191.3047 378.1864,65.5977 303.3835,75.35592 228.908,86.35271 154.9184,96.72623 81.87539,107.8471 8.789001,118.5197 
400.4379,211.6901 323.7827,222.5178 247.4674,233.6222 171.7729,244.6177 97.29348,255.6542 22.79387,266.6026 388.9857,137.1008 313.1578,147.9217 237.8967,159.3779 163.1074,170.3219 89.49539,181.6517 15.54597,192.6326 377.5306,65.17796 302.8181,75.2113 228.4718,86.58649 154.62,97.46563 81.6215,108.9283 8.627727,120.0079 
400.9848,210.8014 324.4178,222.0568 248.0561,233.5993 172.4156,244.9817 97.84538,256.5618 23.48729,267.9682 389.0722,136.2312 313.2701,147.5638 238.1062,159.4241 163.2977,170.6967 89.72674,182.5925 15.91173,193.8652 377.1391,64.47792 302.5114,74.93281 228.2871,86.78587 154.4182,98.09905 81.57658,109.9061 8.613587,121.4205 
401.2873,210.0237 324.6836,221.6246 248.3633,233.5925 172.6928,245.4755 98.26196,257.3934 23.78579,269.2735 388.9649,135.4804 313.2862,147.3157 238.1156,159.5371 163.3712,171.2866 89.84421,183.5253 15.98111,195.2856 376.6544,63.98575 302.2352,74.75114 227.9835,87.15505 154.2464,98.68439 81.44334,111.0157 8.557555,122.8197 
400.6598,202.7208 324.1549,214.8671 247.8234,227.3541 172.213,239.6678 97.71757,252.1304 23.23456,264.3728 387.6112,128.8665 312.1667,141.3799 237.2364,154.2939 162.6375,166.5984 89.35773,179.4505 15.70143,191.5995 374.4334,58.53512 300.3293,69.95721 226.6518,83.07318 153.2469,95.3195 80.91984,108.3195 8.311326,120.7411 
400.6598,202.7208 324.1549,214.8671 247.8234,227.3541 172.213,239.6678 97.71757,252.1304 23.23456,264.3728 387.6112,128.8665 312.1667,141.3799 237.2364,154.2939 162.6375,166.5984 89.35773,179.4505 15.70143,191.5995 374.4334,58.53512 300.3293,69.95721 226.6518,83.07318 153.2469,95.3195 80.91984,108.3195 8.311326,120.7411 
400.5392,200.6474 323.7759,211.6286 247.4597,222.8674 171.7087,233.9641 97.22191,245.2307 22.6997,256.3852 388.6567,126.7226 313.1157,138.1075 237.9474,149.887 163.4199,161.029 89.93402,172.6816 16.38186,183.6653 376.5683,56.35868 302.3315,66.78839 228.5526,78.64353 154.9584,89.7989 82.54961,101.573 9.882166,112.9898 
400.3553,198.6793 323.4865,208.4539 246.9908,218.5864 171.191,228.5104 96.55217,238.572 21.97132,248.4376 389.6847,124.5379 313.8658,134.6963 238.6675,145.3676 163.9928,155.347 90.51125,165.8835 16.7052,175.6932 378.7523,53.87284 304.429,63.12601 230.379,73.90545 156.7072,83.9976 84.21879,94.69105 11.48865,104.6175 
400.3553,198.6793 323.4865,208.4539 246.9908,218.5864 171.191,228.5104 96.55217,238.572 21.97132,248.4376 389.6847,124.5379 313.8658,134.6963 238.6675,145.3676 163.9928,155.347 90.51125,165.8835 16.7052,175.6932 378.7523,53.87284 304.429,63.12601 230.379,73.90545 156.7072,83.9976 84.21879,94.69105 11.48865,104.6175 
400.3553,198.6793 323.4865,208.4539 246.9908,218.5864 171.191,228.5104 96.55217,238.572 21.97132,248.4376 389.6847,124.5379 313.8658,134.6963 238.6675,145.3676 163.9928,155.347 90.51125,165.8835 16.7052,175.6932 378.7523,53.87284 304.429,63.12601 230.379,73.90545 156.7072,83.9976 84.21879,94.69105 11.48865,104.6175 
398.2242,195.0137 321.0107,202.7099 244.1577,210.9042 168.1442,218.8439 93.37734,227.0844 18.62874,235.0285 389.7152,120.4216 313.5037,128.5479 237.9625,137.3455 162.9001,145.3407 89.15798,154.0047 15.27567,161.9708 380.9397,49.14023 306.1732,56.51984 231.6465,65.30893 157.6424,73.56303 84.72857,82.25003 11.69586,90.58527 
397.0026,193.6133 319.6386,200.6341 242.6252,208.0039 166.4499,215.2036 91.59335,222.6323 16.74697,229.906 389.3892,118.7661 312.9784,126.1499 237.261,134.1734 162.165,141.3927 88.24413,149.3233 14.13451,156.6192 381.4164,47.26886 306.3395,53.75924 231.7219,61.8769 157.5503,69.37258 84.53045,77.38316 11.44058,84.88734 
396.2204,191.9616 318.5916,198.3774 241.4861,205.2509 165.1499,211.9688 90.18756,218.8808 15.2832,225.6558 389.1375,117.0394 312.4763,123.8042 236.6193,131.2807 161.3307,138.0802 87.3521,145.5122 13.15438,152.2826 381.6797,45.39832 306.4807,51.45669 231.6532,58.89245 157.3795,65.84447 84.34084,73.44127 11.03842,80.5144 
394.7471,188.722 316.7819,194.4691 239.3977,200.6245 162.7115,206.6861 87.5799,212.9117 12.48166,219.0526 388.2907,113.3485 311.3493,119.5211 235.2358,126.3324 159.6233,132.4457 85.44964,139.2648 11.15799,145.3618 381.4929,41.44376 306.0328,46.71537 230.9681,53.72175 156.5279,60.01734 83.27223,67.03757 9.812893,73.44938 
394.7471,188.722 316.7819,194.4691 239.3977,200.6245 162.7115,206.6861 87.5799,212.9117 12.48166,219.0526 388.2907,113.3485 311.3493,119.5211 235.2358,126.3324 159.6233,132.4457 85.44964,139.2648 11.15799,145.3618 381.4929,41.44376 306.0328,46.71537 230.9681,53.72175 156.5279,60.01734 83.27223,67.03757 9.812893,73.44938 
394.7471,188.722 316.7819,194.4691 239.3977,200.6245 162.7115,206.6861 87.5799,212.9117 12.48166,219.0526 388.2907,113.3485 311.3493,119.5211 235.2358,126.3324 159.6233,132.4457 85.44964,139.2648 11.15799,145.3618 381.4929,41.44376 306.0328,46.71537 230.9681,53.72175 156.5279,60.01734 83.27223,67.03757 9.812893,73.44938 
395.6974,189.0511 317.3859,194.3686 239.5629,200.0804 162.7198,205.7174 87.36203,211.5975 12.10245,217.2972 389.5849,113.3674 312.3601,119.1617 235.88,125.4973 160.158,131.2751 85.72024,137.6849 11.3294,143.4138 383.2576,41.21807 307.4587,46.14514 232.2004,52.70858 157.4726,58.61803 83.96275,65.29458 10.54515,71.28365 
396.6138,188.7372 317.9523,193.621 239.9412,199.1138 162.7724,204.3765 87.30085,209.8234 11.77339,215.2463 390.8466,112.8192 313.3852,118.3149 236.6954,124.3622 160.7206,129.785 86.28107,135.8214 11.57981,141.2369 384.8409,40.64637 308.8218,45.31515 233.4176,51.54144 158.4854,57.19117 84.88502,63.46417 11.4465,69.1087 
397.6049,189.7906 318.5117,194.2874 240.1291,199.1097 162.6164,203.8484 86.64574,208.9412 11.078,213.7043 392.4116,113.392 314.462,118.3794 237.511,123.9175 161.3393,128.9026 86.51237,134.5863 11.6958,139.511 386.7986,40.83073 310.4944,45.06737 234.7868,50.94876 159.6528,56.05 85.85952,61.97253 12.2776,67.21375 
400.0695,194.5305 319.8802,197.5342 240.5591,201.1953 162.4221,204.5718 85.88213,208.5072 9.81088,212.0676 395.8752,117.4795 317.2022,121.3009 239.4973,125.6825 162.6464,129.47 87.46645,133.8581 12.33851,137.6402 391.5343,44.62981 314.5012,47.64378 238.2395,52.4689 162.662,56.4679 88.55944,61.30075 14.66737,65.38884 
400.0695,194.5305 319.8802,197.5342 240.5591,201.1953 162.4221,204.5718 85.88213,208.5072 9.81088,212.0676 395.8752,117.4795 317.2022,121.3009 239.4973,125.6825 162.6464,129.47 87.46645,133.8581 12.33851,137.6402 391.5343,44.62981 314.5012,47.64378 238.2395,52.4689 162.662,56.4679 88.55944,61.30075 14.66737,65.38884 
403.895,197.1773 322.8347,198.8862 242.6862,201.3765 163.8424,203.6362 86.98336,206.3229 10.48517,208.6962 401.0859,119.3902 321.4642,121.9721 243.1532,125.3111 165.6605,127.8404 90.06265,131.299 14.51553,133.9062 397.8648,46.11293 320.2118,47.89544 243.2957,51.62356 167.2283,54.61408 92.7094,58.40232 18.55352,61.47602 
403.895,197.1773 322.8347,198.8862 242.6862,201.3765 163.8424,203.6362 86.98336,206.3229 10.48517,208.6962 401.0859,119.3902 321.4642,121.9721 243.1532,125.3111 165.6605,127.8404 90.06265,131.299 14.51553,133.9062 397.8648,46.11293 320.2118,47.89544 243.2957,51.62356 167.2283,54.61408 92.7094,58.40232 18.55352,61.47602 
403.895,197.1773 322.8347,198.8862 242.6862,201.3765 163.8424,203.6362 86.98336,206.3229 10.48517,208.6962 401.0859,119.3902 321.4642,121.9721 243.1532,125.3111 165.6605,127.8404 90.06265,131.299 14.51553,133.9062 397.8648,46.11293 320.2118,47.89544 243.2957,51.62356 167.2283,54.61408 92.7094,58.40232 18.55352,61.47602 
405.4895,198.5197 324.069,199.8076 243.5736,201.7815 164.5124,203.6076 87.36909,205.793 10.68185,207.7071 403.2435,120.4276 323.2014,122.5772 244.4859,125.4413 166.691,127.6109 90.85622,130.5393 15.30135,132.7853 400.5757,46.7683 322.3942,48.3147 245.1295,51.53851 168.816,54.11953 94.07805,57.48879 19.76759,60.18951 
407.3141,199.1755 325.354,199.8009 244.5264,201.093 165.1251,202.2858 87.60216,203.8881 10.72874,205.2738 405.7177,120.7345 325.3157,122.3192 246.268,124.5486 168.2445,126.0303 92.16591,128.4288 16.28306,130.0771 403.7808,46.84938 325.3046,47.77351 247.6231,50.41385 171.0568,52.42534 96.13632,55.20981 21.63937,57.32064 
407.3141,199.1755 325.354,199.8009 244.5264,201.093 165.1251,202.2858 87.60216,203.8881 10.72874,205.2738 405.7177,120.7345 325.3157,122.3192 246.268,124.5486 168.2445,126.0303 92.16591,128.4288 16.28306,130.0771 403.7808,46.84938 325.3046,47.77351 247.6231,50.41385 171.0568,52.42534 96.13632,55.20981 21.63937,57.32064 
