640,480
IntrinsicCam1IntrinsicMatrix
3,3
792.808861461433,0,318.290117115782,
0,791.681720327751,281.083059104346,
0,0,1,
IntrinsicCam1DistortionCoeffs
1,8
0,
0,
0,
0,
0,
0,
0,
0,
IntrinsicCam2IntrinsicMatrix
3,3
793.673698907327,0,300.679910605147,
0,793.856663711096,276.343048690312,
0,0,1,
IntrinsicCam2DistortionCoeffs
1,8
0,
0,
0,
0,
0,
0,
0,
0,
EX_ParamTranslationVector
1,3
-41.7114775461085,
-2.48474383429177,
1.85515176286396,
EX_ParamRotationVector
1,3
0,
0,
0,
fundamental
3,3
1.03034344361047E-07,-4.60466048248429E-06,-0.00372985483185704,
-2.8340716105656E-06,-1.24407211459702E-06,0.0844269723914883,
-0.000422538122621915,-0.0817649299711968,1,
essential
3,3
0.040978142011191,-1.82873167205076,-2.50391718090355,
-1.1274081679348,-0.494194644205811,41.7345620513656,
-0.588664316033754,-41.7793566667983,-0.400177252037704,
